16
385783 192979 555091 466585 504625 410741 395856 216835 873310 899929 738234 712719 937256 455211 489376 589666
513663 459834 723527 827521 738148 847410 141942 731813 171714 388286 401428 864957 937950 450727 212272 972392
498658 388906 106825 991786 888604 760931 628114 901853 360944 263773 884097 825202 618924 156573 411462 871020
429334 565729 566773 504576 397533 144643 821889 658528 933502 267402 270428 126463 947933 539050 521181 952197
167279 195192 593287 443903 753998 205978 679443 777078 521832 468108 119716 132547 430328 557416 765866 844070
719635 206476 645233 541361 368536 792740 380599 558170 392913 792234 361664 404380 945031 582279 389896 206449
774171 877869 945575 661042 360334 149740 118322 180095 863229 159456 373528 924780 195994 793174 866101 721750
387237 971069 865202 482682 823696 367831 691017 704093 666478 628679 478226 396693 609799 513363 117099 586749
198356 666339 667059 776176 179976 572800 987396 536358 920888 212645 532632 514279 323529 738851 870472 324285
372165 866048 414441 594869 864714 737017 618706 536939 998473 976805 957145 304459 546961 148665 491728 850176
935040 979126 835980 963532 329655 220794 875604 305918 486992 592711 783312 818138 797543 654954 943935 935263
732126 839836 517629 543297 120297 640726 246455 375056 347519 648871 373142 758719 657387 536539 935363 362946
819122 971885 628673 311733 212217 245986 844012 171045 719449 607035 728801 672197 647763 637645 985222 833518
259560 186590 437442 923460 157439 364414 401330 721761 856438 344513 460855 910587 494693 358524 834846 163281
953513 331134 700546 748921 960258 397505 870973 698406 403524 966349 666328 859796 432491 217082 577255 846531
550875 281614 203717 175953 256721 239500 297960 114306 308429 683220 785974 393976 999294 359182 798261 592177
