32
824016 617920 869336 891086 527987 386959 185964 423671 614203 664665 774437 485341 116694 950141 640355 879471 427350 333202 629543 844421 804273 300753 329004 992644 527973 663113 878177 390848 420921 731773 632208 131372
380770 255614 362445 236015 983373 910797 705391 179715 555059 383589 587833 310850 469658 767497 165147 404883 439033 910727 140953 729936 423398 510858 509788 114304 149050 524008 149445 756162 452939 151615 640485 147611
247782 285373 436821 619346 328566 208469 775508 210628 738364 944766 382633 999085 266679 452929 837614 334339 254861 933639 870950 180208 974739 193421 200889 761447 385478 668358 675416 340374 814213 712349 464561 984794
518733 403291 560404 971087 928546 637213 194812 310769 357755 395537 596794 356950 672571 442339 777870 421176 608354 644625 963756 778501 243253 238107 765452 503170 229989 220628 870884 144712 966946 785385 940170 980750
614640 940260 584615 411078 969065 218396 388928 207314 693596 558353 642924 728859 376714 427698 979255 163587 706818 494374 221806 307584 609694 610375 550452 227250 886326 959412 324090 107673 319520 988322 641554 984084
995290 680382 199878 745281 805810 318792 972353 277501 557819 106441 773204 944801 633050 790413 890374 862990 276977 620402 480925 955518 794825 881005 833820 476779 382677 300189 596816 358093 532378 435799 949265 533488
871729 960764 806105 142880 912694 822622 977686 162985 773870 327366 845899 379562 350220 414302 831853 397023 134797 587017 432254 822050 434946 433534 611125 559653 721005 455070 134665 414299 294861 754327 348953 470223
756572 183259 640197 659717 811380 670317 853358 615166 405617 379633 400301 875495 823196 876488 488134 745271 220803 661649 784331 281832 897536 490176 902982 281186 250711 852939 300286 510030 475955 149587 802827 800316
502535 606169 164116 672577 691280 429680 414367 632266 309687 192880 465733 846834 411264 556515 942847 352760 990819 160276 243188 397026 764917 497233 747620 445765 279330 629405 267110 697703 111899 289400 694496 387832
947457 450190 372823 177412 964486 725574 123146 675425 729378 873124 352558 138138 521349 695648 370756 974698 942259 361692 235796 889545 761840 932689 782687 397793 273526 730055 536069 520865 156095 363235 945664 662929
890844 627534 731245 113744 804747 377594 692804 385049 376020 296114 247205 647687 625838 886263 774167 827451 259954 317314 663780 669429 479006 764438 531651 122716 838486 129492 477109 848945 909633 539425 716273 289799
974610 843588 194576 295460 215095 412752 432844 687708 634963 674306 374793 820316 536239 771611 524613 222671 673565 510220 777737 230171 308440 160031 485217 960608 867733 394052 458710 953418 750143 326071 420468 585050
550658 712199 564342 512293 312459 497865 250426 777879 669384 766636 246554 129757 495274 126865 726510 761706 490057 510426 363433 187275 583085 320070 254833 630006 547393 321892 229758 249390 410832 143880 389551 456571
253889 301185 469397 234323 877653 581290 132146 739177 372060 449478 822795 370001 833594 451646 661968 842380 830632 155621 547539 257453 842471 940295 218665 223264 629254 702642 737498 931094 918232 573447 606500 537907
696458 417336 346577 842433 849317 524772 933410 300631 540870 620382 715252 203434 320436 409013 643796 898508 792871 436400 355417 834222 200395 132829 509808 655012 144970 964748 996848 979895 879913 150114 132257 117892
743586 148011 842967 793187 665586 935951 399190 152051 215935 432365 394462 822631 549462 817778 125509 806765 929570 407296 163786 779899 723920 210460 320877 922437 994136 417410 989347 762883 881655 508094 452640 333185
245985 619789 698883 250886 999082 557620 506034 145410 387105 514022 268974 651262 177957 655781 517956 955172 753774 409392 872065 697219 224952 681195 958574 248899 836499 534278 272126 668851 235862 713337 905115 317771
766242 445444 243709 614501 972271 586332 327115 311843 579769 522048 568320 591850 398679 321787 912797 822999 338865 796696 696549 362349 637679 442347 202556 571137 459042 219680 980080 888831 980433 238591 235257 900612
438714 301850 663503 547583 283963 354886 742290 609703 727072 640075 749542 353346 519809 789795 358686 624187 627182 763331 931882 641424 145622 327146 294441 277193 534619 903409 432892 236862 540154 979898 887316 669103
130731 842135 584840 379488 966579 748912 236885 223573 512331 861455 514144 830555 929494 963974 744249 967788 217426 815862 821532 390329 509473 675775 207035 153309 482151 448613 781585 133404 467389 403536 533081 189826
895974 821427 530394 272528 813632 712657 147921 720975 533739 996505 466301 847468 722231 644541 352681 140871 201005 997791 966085 992697 968866 721869 395070 423606 573342 494658 638819 523409 128014 301179 590647 420247
300471 743611 676452 202724 604359 225052 662884 910371 734446 279850 314668 511366 759513 628907 450495 261579 190118 930651 768982 895969 405254 535326 485369 490071 338604 367102 162625 489938 107261 395782 200960 873240
218803 154762 483248 952745 323646 626642 731700 155866 185173 679730 170055 470857 256362 388336 696462 256197 889841 279310 927976 541819 213203 241738 497060 899748 877614 291697 523733 725956 653543 369449 772508 611712
575854 403996 160613 752870 785974 871054 784333 791844 425079 969024 773535 290350 235798 232216 583246 186219 402510 812175 229079 470169 847281 624448 542034 686668 571798 630160 301263 336309 264604 661869 812174 979996
354663 922294 116638 547061 817274 545462 225103 787939 792490 673852 107393 751642 951384 157969 961699 975725 454323 152864 829991 497683 353736 119242 156498 719357 601838 562447 991582 360542 498529 512754 498577 524192
237808 707540 189915 428933 362669 622246 438183 598724 142222 871352 495649 643441 753841 960837 716347 277258 265407 788679 705300 461640 459235 278966 861080 446968 662100 607207 936715 729393 751376 965600 689104 328039
403264 265439 698360 880419 194826 176309 301520 921839 708123 297325 669210 744903 260719 555350 915044 101945 847257 601757 583112 560450 840541 136699 852451 368518 958486 244100 651461 104197 214901 989636 568127 303762
151656 607550 293374 531233 210372 127022 390190 251014 125550 343150 633371 432613 182304 337039 373255 815662 780602 744552 828275 259205 451127 958922 819722 102040 765942 647562 557946 610051 669533 862154 667371 625114
576986 944815 397519 653167 224300 498864 473780 140661 114838 476010 918438 637207 262333 466451 713983 915574 105659 499564 581937 109909 108094 131095 348054 481617 473988 872854 894517 433744 599672 104794 232463 845475
747829 914665 549641 917253 532985 313702 304195 214526 533667 389691 245721 180422 974166 752999 167666 657791 911966 623413 365990 483795 253170 880556 899562 933069 188569 707225 297391 179135 763865 711364 728511 430488
966757 368528 167492 521861 998914 375033 616750 880302 629222 164850 257829 755957 251120 975954 726647 357189 133084 355729 210716 793524 397425 376927 441890 554263 343619 311066 743858 317610 860819 720982 669428 825825
564120 451434 205033 948497 281719 494994 254226 443207 178137 951729 903174 877420 935199 757912 812255 281254 249004 869922 324440 531427 659978 336300 763659 818487 818588 822401 679240 641686 955419 198924 344082 839851
