64
682379 711595 423316 528885 497421 688337 628918 676805 343754 420354 894821 762420 211047 510742 514380 150329 504243 301734 490462 766182 237815 434127 919393 343610 478152 506368 848233 479613 863795 914056 708245 852513 598689 767433 134716 205140 813638 830947 834735 124558 844052 331221 839978 853690 317754 846014 112017 319575 413500 283766 124654 819700 397430 496391 126666 561498 862646 751226 583772 356159 982804 483712 476565 120766
875783 199669 610727 897192 884002 913534 687150 183253 502806 707796 675384 702072 632003 291042 614122 846323 300840 927466 157128 822400 604598 203434 462412 949578 928461 815695 560193 787000 412437 144787 156224 279495 744813 167537 924012 443558 314735 713002 486066 911862 870892 599860 179158 845349 715443 660284 151778 628934 526986 611790 104897 863917 983322 237044 225330 965499 949281 131471 647252 322139 289746 904477 769911 492699
610286 801529 795634 485042 114568 804211 955950 576735 671485 236396 607565 847455 215458 400149 562971 209143 637974 930536 452150 849467 825030 295495 427797 708006 345615 429937 743713 693290 267044 696519 552144 750302 854026 988086 883176 400319 543460 312592 676389 312873 365841 652021 713571 786974 350501 281775 197665 858098 681799 836829 975977 822730 218711 603423 730904 296079 365745 730482 777036 305614 441181 607033 588665 115507
817918 662690 178425 519567 153131 859915 591603 827598 455006 246841 957021 541605 285184 335757 918068 994467 136308 613899 454974 441343 499878 264305 838325 558174 662306 910669 755916 574378 811032 212468 538749 535584 138975 983491 215864 777273 497306 357345 895860 159817 159181 201190 630780 416300 559784 231406 284936 744891 110558 153297 600254 399135 400825 797740 191185 461536 946523 501322 992262 250497 549893 161523 556043 679272
857982 275563 308437 196784 717831 893019 193025 807929 117052 889001 718206 211185 305397 335608 375563 556125 627883 520202 641755 183881 948780 417847 976826 841767 290657 428078 647160 377114 619863 968283 884872 640884 780199 637365 756225 486147 951887 407090 608667 314248 432021 634780 464223 848484 522244 780556 832785 277633 880097 812437 415542 269729 144469 397993 544092 477599 185854 191619 209223 399421 137402 837936 983491 468480
716028 885615 226127 697915 924419 259161 386170 948100 962161 517182 872738 607270 596328 170001 772268 612862 396148 844075 722720 910581 774170 928029 929510 527026 778404 860769 143542 899603 251157 988623 991944 972483 938095 442890 989843 419908 466741 164807 508699 681940 196573 810955 527890 649412 793059 679552 564351 635421 758321 599339 399335 604165 335957 856630 724353 847080 361950 285118 452946 182883 412713 992463 591808 479010
277269 571225 289274 517748 514229 472747 425428 779757 100483 365113 246043 531200 123452 897833 266806 315029 631005 316155 292772 551440 438224 459425 756928 440188 672922 284841 275234 325111 448176 523927 269978 992692 887927 840448 239374 388091 410075 191530 373456 494421 300973 342411 809379 939141 191337 118772 480124 102563 790518 478737 252753 966550 199954 979331 138898 438935 488423 818822 314624 721334 998752 589743 535590 776651
563350 688784 803443 960994 307016 728139 433385 726388 913114 968357 205529 770488 760338 591938 396938 407095 533521 215614 245556 867529 192875 700466 186290 957039 431687 712140 354571 614399 505652 240197 551804 856623 723552 645227 723699 144510 773147 618036 319953 654862 930670 580867 135723 108331 981620 241996 582127 277536 921646 903965 947264 449894 821133 772254 354659 696417 579052 412172 909022 717129 664939 406449 115776 398253
632748 185142 241269 245751 924636 620327 250283 634805 479923 391468 638986 366068 709495 831391 483803 507968 852862 430276 639692 436154 287553 214182 662084 265082 463786 796041 968893 405233 843578 524875 452924 350193 716543 300948 992862 203903 455922 556586 407525 589133 297306 819345 269182 124623 866725 154425 343333 552043 168277 666657 161853 581333 161772 168121 619341 172791 923701 906595 229899 347200 933421 512523 311253 461287
290837 260692 354360 791637 176921 810547 606697 564670 360120 309338 109874 962701 851495 802418 737867 335961 781320 982681 732116 176983 481242 419255 605189 338078 948553 878890 758490 395259 213922 221113 401859 168560 121063 389364 972774 722195 603350 510666 129489 337555 213071 546560 548335 865135 739960 262955 901008 232399 128753 493611 948768 964475 732083 168300 317662 788849 463433 646176 791490 412147 921633 119789 441678 168652
386092 762199 229413 851135 582795 297775 175390 656221 697805 939148 490008 858155 842395 232377 384649 202239 946943 536110 201137 391757 278457 755876 854689 274329 953061 703083 264875 528434 484603 624706 251973 373117 942649 359747 373135 599071 735612 878902 627364 617006 515831 449670 492527 778404 301135 317933 554893 750196 474774 952039 222216 377970 193735 666713 945693 919783 366180 543157 277246 319044 552676 154781 424708 720800
526549 565866 609287 150098 690403 960851 699362 518125 564326 479148 462106 867168 950791 144523 893213 741559 483860 985950 760775 235272 304151 206097 317644 805031 986124 418889 998978 979421 107839 288566 654811 284246 175816 902740 984874 963762 287989 304966 454409 977908 141532 300616 575836 543602 911075 193366 672384 689961 583659 679380 863187 473210 734525 228795 499916 438337 108589 101453 786627 744162 893357 870130 644466 396043
865881 811323 704043 516964 290666 777810 102596 863911 406630 705492 313713 904986 125889 100161 437005 490340 823486 675913 750290 245396 626240 888492 662598 409836 285964 617062 396921 236497 649258 689751 860795 132143 596558 431059 271787 944655 728389 526526 588400 378733 722979 820943 896763 782620 180199 267890 909314 342442 405503 926621 295070 926801 757305 691288 107084 275196 778910 747809 264315 920756 815420 500321 260276 465680
554809 844202 898946 234262 974337 187405 413760 107751 707878 281739 883045 546128 840085 675021 790422 849915 710162 631115 347525 472361 565016 899444 383945 646063 891555 266893 319104 956176 569115 816515 390829 492821 110656 884938 194894 488089 446996 309396 528670 747637 451812 180361 915743 459691 594213 657742 772857 953348 718484 970207 395157 311156 787526 973245 392510 686360 260340 137409 580582 256121 720512 219388 290263 788729
301753 960136 534075 393258 315886 902070 420043 200445 615468 254955 666533 259348 692928 510658 876701 541449 115719 563926 176140 926605 278341 187579 781392 641588 645827 212696 852226 646203 750616 665814 233693 783813 371620 441048 974329 893408 286901 834717 635022 705106 362213 694996 363585 129485 255195 774329 861176 541398 629854 883800 923940 235211 126950 184378 571773 884019 675226 266028 523381 670330 211943 658768 775729 211402
501917 524487 388446 734772 348080 395110 128858 461607 882806 270487 513967 125693 795775 217851 441486 562347 624832 561715 957621 578244 835946 200093 848045 823754 244413 235207 912773 631110 238043 261494 525506 196518 737439 415379 949661 273483 433408 515921 935722 313060 163870 565730 143572 664973 465350 198507 286423 434915 187062 458977 559097 753189 809093 512455 449953 371229 327336 812877 146631 955873 598759 875340 563911 795974
325014 949701 725124 559263 736929 292089 133660 900647 824812 739682 914726 105908 655635 133493 140813 741007 745005 106287 309555 551681 845320 780756 584379 634036 468208 677161 816681 201677 680790 907108 475076 558414 302322 791434 440401 440452 879043 971809 249891 603861 239395 102897 595516 562199 724021 717824 873291 429572 194174 537902 481315 540430 645817 127039 671834 868001 745529 610522 861831 680254 449282 281563 555453 980963
613598 348821 659954 420472 301053 991203 944626 866684 879084 445875 753154 672057 683911 880721 561021 197001 320484 957975 200747 505038 560586 555756 768761 238307 530797 453932 153585 572020 292201 229554 342076 935939 798431 825282 253578 674071 206922 564794 671777 305611 918882 369479 920683 593114 718539 791645 499730 590445 333414 250425 360845 717014 229057 534290 908566 551291 928151 793339 157067 234551 500051 836397 554957 882833
423017 308876 423493 767538 905795 175658 317765 658367 892733 111822 618742 622697 830584 256722 212161 364889 692590 411101 706342 570389 728946 772938 966827 441851 360618 975346 626488 198218 462368 397017 684000 606294 623017 440205 302260 182547 791185 143496 384341 758594 674218 849683 352185 137127 778131 414615 228756 603365 689009 455966 582130 937921 457267 800175 129412 244974 554101 458992 274249 879626 630248 734066 974329 579700
101056 362270 380873 580330 122254 104858 479918 591166 862253 442548 538395 218370 699348 322834 625729 264402 475328 472149 650739 888099 310367 828664 515264 358324 790845 102803 268347 822747 230797 960925 145049 497671 964772 649675 897842 911112 986786 449483 773469 307452 347610 433292 112958 660648 558132 410729 854326 242110 935798 727485 323971 671115 890707 567362 172259 114986 163114 877212 479533 148499 658405 481220 778133 269603
585882 137925 639012 145051 604800 620592 736600 971949 271444 839436 101894 821042 582807 736666 544970 503274 527112 250681 860399 599942 908244 870582 749223 598313 519688 355074 681600 324735 926225 524379 794503 997032 633868 692793 140711 456852 341232 371561 752386 649152 328589 464076 108049 343995 788662 887046 268483 344754 575510 923065 740953 135990 837316 917139 253708 414895 298571 876869 769600 214646 928421 893587 843405 848521
105225 989816 782791 899263 892978 103890 519816 788808 177700 983651 767955 626352 128530 471856 994761 715964 361597 278897 823563 797491 903928 267528 652114 395218 411935 139083 940780 765129 685626 454644 530443 833104 367476 380547 189170 646736 525794 561226 972964 984410 541468 293793 478668 600623 623007 739758 259761 401188 603010 890126 903508 889219 544719 458029 923016 226411 734135 624519 628646 679593 313808 595778 477325 839869
563622 125190 313922 606799 945042 508736 209199 871327 323188 929394 342034 898538 991070 835492 835951 366560 280775 151901 709930 350956 429123 148508 579044 642253 640022 975949 997972 252083 128300 820803 768717 817388 665794 276163 979207 569389 775355 263291 328801 483799 905074 182897 180202 222161 193113 141839 324221 476147 354395 422583 514449 462382 776700 296021 597331 816657 778669 351551 361371 211548 905705 767308 135793 783887
369283 156986 824151 810496 285423 571157 489963 334947 244147 188340 299986 130703 593261 531483 555325 484511 602841 655600 611035 811608 141990 443927 327776 847200 468495 383637 181872 776698 110686 338159 870563 519900 705029 206861 248639 644946 828685 571315 722565 368015 807086 970999 137551 673207 784036 286637 504002 503330 825979 155555 496184 860274 762283 561737 301099 920244 674732 690340 663116 988992 204495 816225 183483 975080
898747 269448 302098 706278 835276 794537 770193 535602 894234 340669 690240 570002 874564 916517 522653 868282 710082 332280 796721 168241 889769 810844 118701 989755 570382 657284 411487 527196 304720 913557 659639 419347 893943 807812 811011 422943 402917 734657 874090 263713 612462 108221 209277 420467 844610 894160 292742 206548 432747 150914 520903 927647 325298 400057 441748 978858 569097 137002 765810 302450 614325 409821 696046 243505
624632 405190 528906 722139 464632 464537 729840 573682 940955 878463 442967 455880 762407 327898 945653 628162 267230 827236 212550 664890 684767 383393 209732 794920 384675 921720 354446 953642 890291 895451 745492 889639 630461 273982 880326 707603 625489 836377 951715 909583 834244 139671 729153 794948 181971 309966 914800 392536 124621 899040 411279 397101 942777 260120 431850 466871 875073 594422 349934 579041 528510 546465 978786 212147
792138 811140 683515 874116 705083 162810 650444 746192 771885 639844 274857 575553 783670 338609 175581 718092 403235 952613 101711 668593 111135 978079 110846 666986 872037 768179 506298 552477 730908 491676 247837 581633 548502 811298 636940 359851 439778 214907 427029 503741 616471 863717 769522 328798 721716 639185 393043 299312 773486 854960 514325 272255 169981 370682 116358 920464 176088 243706 963717 876580 490256 545320 632617 872421
945848 942124 517239 643875 932085 969081 377177 432436 251504 919032 479523 348981 967347 909889 332989 431571 427746 228434 747358 388934 648294 767000 715301 625517 888740 724691 254689 886018 408636 916280 906483 878091 822064 177263 230198 165795 565402 292815 210295 190128 269071 961681 646675 714603 137675 355817 350907 530414 228640 253990 972436 389228 106670 331025 871691 830547 270996 833045 890550 219658 117435 347318 996706 185985
885119 962836 851042 848524 734125 968971 845924 567568 285450 967853 394033 929109 877420 507825 286382 326816 515860 417783 371765 848673 188659 918925 985778 544811 797784 694961 809647 390243 823842 417093 119788 988583 226580 949869 687665 661886 209587 265150 853729 202018 399888 694270 162447 341406 676282 612419 813407 528661 596022 678832 482836 297429 520183 363002 760054 867321 646434 402185 903409 715839 127538 248779 425267 878323
507726 771074 337652 137374 457802 641527 450522 254614 323493 428096 578225 732319 945940 112101 340441 693602 675819 150944 770760 758894 817930 618789 452370 632444 990444 804913 673849 445930 416010 138705 220072 332987 970734 852573 308939 227120 988073 601156 665892 959483 950406 759773 846568 125071 309869 247015 758347 204562 578391 491493 903097 604304 576446 476257 768287 665046 703604 164775 353681 316659 311916 920300 898825 711159
596016 499637 121224 749627 667728 148752 949593 983082 439179 751788 331413 197351 497269 477645 306337 197554 250170 647295 170523 578208 243425 883459 999384 991695 363313 428162 599458 940459 792339 994471 226575 503560 713350 410373 795566 690273 117945 529774 887404 457991 487516 843965 840905 250181 935437 189542 403561 814008 176965 635355 428400 568771 859489 323706 807674 180903 271944 752472 402004 182977 596707 394896 913597 532529
770331 482355 184402 929134 629063 762207 286070 496548 417475 497129 596751 889203 187622 992412 123202 781550 940873 838094 532559 694645 703715 253011 108361 613077 791430 882588 943231 275901 417068 722459 737343 722426 926456 933347 533434 632743 667894 325719 422914 877965 855334 788567 148608 617623 129496 136911 683904 596626 819258 994957 681943 853934 688497 865924 249476 992710 517677 496939 554452 191910 918819 251188 931405 150527
519476 315421 444593 418588 296318 416294 848673 895123 125317 195866 528736 565174 600015 801896 713756 516194 832456 704732 786586 603260 510877 127337 893396 678477 190537 250532 278425 750763 994103 792039 735624 918023 203339 677545 635557 206194 286573 856770 977976 563421 644262 704201 195849 357955 289409 941261 430370 213758 660933 916156 546382 640942 188715 144788 799909 822881 196032 106728 179007 939832 440862 711549 575270 433418
343673 312402 424990 395633 791732 213120 180151 729300 399990 574728 931206 396232 400455 910455 311055 338214 990500 163483 952445 820108 769809 272585 804318 729734 355932 711867 526323 982893 648462 704467 541909 441754 709486 318709 385257 441336 149378 239949 516195 115905 509059 715046 589336 991283 317369 617721 338546 113534 159723 652707 654082 980635 271278 192392 273721 890862 383058 431932 231798 184827 125043 136298 419712 530116
461789 970696 824770 615318 247872 766002 191373 950368 900578 315893 759045 119697 556703 393716 480867 539869 962614 430897 214042 559546 593131 310949 673215 214108 483436 614835 898990 619548 765828 386484 996913 795147 513945 160364 287461 767281 132343 962365 962931 732308 940783 871571 823352 327760 213324 946260 676396 623824 217895 324367 859976 702388 626264 908995 746607 167711 619665 688685 448784 806213 525939 155818 840198 752700
255245 620611 957227 572136 530482 433565 416508 843486 647410 621374 533188 585777 735422 921652 857017 522698 945256 151888 603461 766743 233679 927897 366586 894942 368953 181674 119976 670141 917755 743679 733103 775727 181204 299530 939148 189140 884975 672071 442799 482575 248667 484459 977225 787656 202173 884925 862459 651551 286067 179949 688829 977457 950066 781352 773721 487913 142588 855912 924224 255368 618243 614016 633648 744570
151590 381298 628134 482054 593381 363430 440310 102957 926470 415395 514116 464032 815904 748598 429203 319342 122220 983771 152546 925380 817075 524832 451118 442129 686411 510771 970756 809623 419461 367667 716811 693036 720334 495959 149661 289698 304987 513354 290400 945541 597995 946290 482609 891850 286071 899036 337141 933393 405807 266498 561726 153694 783897 837747 804583 185044 809358 534233 811403 371979 868866 934074 443240 120718
543601 752271 189251 255488 325675 535399 108000 255682 333866 774259 121998 577510 868781 943765 510130 103003 180091 187210 782158 983396 382282 995070 515193 998465 167000 891800 188862 730393 998093 183439 429201 774446 499530 376525 963111 169824 772858 392435 278230 903966 253613 132611 214625 751430 103160 750739 916646 403329 495862 214659 723835 916326 963791 472490 773846 492505 398970 284861 764160 639719 897097 638653 519501 650241
312698 350722 345616 869059 786460 800703 550940 689098 719019 426032 108097 881101 287266 428161 906997 190211 517206 559382 533134 104442 938906 401952 264516 734171 621454 626908 190649 638933 229386 743190 454369 713063 845720 155893 344452 468031 172443 217547 760531 199664 844840 117276 255412 632820 372940 915096 918133 621641 475014 721305 141288 361912 190578 249793 952965 390203 823613 257716 634546 711640 633116 581320 848252 675293
295742 657374 917104 449258 504321 751895 364667 870083 328194 258318 547644 811744 449798 175025 352461 342073 901493 732095 469119 177284 829427 269804 766913 779481 595590 127650 349278 902198 207197 881585 410919 815004 499645 111349 296888 455144 690741 838934 880327 414210 402024 564947 962836 140559 572807 134910 345983 639311 254318 229398 388792 955962 948787 914265 651794 720203 740275 489784 941945 190439 408247 697435 558619 158946
452546 696739 498522 876086 177793 359736 802614 927337 971183 710176 851672 632970 860716 180133 944096 722399 311099 425013 810576 548649 522837 444563 150267 455880 346515 966528 439407 213660 743696 574361 245609 291471 284755 326643 942311 381467 523608 849004 616809 558202 409995 117243 689273 610742 451610 493321 174572 464450 636125 493562 354896 504428 308917 668883 608793 432129 738226 616300 139135 564857 164387 516153 559916 719551
471061 876035 260547 272712 331221 444786 376928 971460 282626 510858 548278 968390 388987 388740 757393 145624 162827 692205 872097 876068 340576 457961 328390 617522 449759 426496 748127 516273 320750 225184 421377 294937 416232 968574 323932 852412 871482 253781 185577 948057 243538 195032 717515 627726 314578 389360 716809 214679 395850 973158 312854 407574 572945 545173 963084 708032 521151 831813 775502 643192 438176 265415 749065 608646
676124 319082 764808 254518 574648 431203 928015 475312 879411 604025 684023 792307 670705 771581 589063 179444 828365 459454 392535 468174 896169 754597 706551 500873 317237 764343 699933 110543 598774 902974 999837 475484 469509 968689 507947 639799 235165 219441 915988 551841 857268 886896 631741 496355 243717 333060 787647 141604 260657 250624 147172 603642 427624 897515 217690 404658 541133 630354 336846 401461 783826 557282 654556 536545
194173 876762 888476 304497 428957 687857 676705 426237 384026 831345 906538 788014 475197 446560 397764 833376 493862 291921 469744 981360 896115 824581 186457 696257 855307 668948 264932 514366 403141 836044 255374 516821 599838 628661 225191 626554 886431 265862 126034 606115 910557 132912 217597 509681 361603 331332 846893 179387 837518 602651 668549 575871 499274 602734 994094 682775 296623 889158 980740 417691 466654 785777 787346 751271
736645 534167 357197 717402 736507 601285 172900 861107 336553 138121 333387 815764 393033 352269 707207 481021 587178 135710 614704 811824 902654 555133 115072 226002 100413 241984 484817 314046 748503 109608 262421 805884 733565 230690 879263 840171 927081 696715 919040 764475 362620 117725 927016 897568 924345 323570 220079 334590 367647 741692 485732 211708 464026 336803 997516 798735 122545 894459 958309 218573 466714 714504 535252 120269
847485 597490 992488 989890 871813 703166 990192 628429 927694 450412 924514 127207 292077 475214 122086 445011 567843 226784 312041 717086 646304 857237 968436 539701 578385 137406 516321 891758 738117 983494 437740 416775 733088 507152 813102 121559 753289 245092 959634 246237 241732 651472 840199 379367 598287 966456 728961 825673 865650 850686 649490 328319 602766 671048 245653 102998 766898 641540 473368 113369 324327 670359 513613 984572
331343 803506 763210 676466 461132 861683 109699 730175 224060 795453 807184 556503 451554 758073 418105 878124 105389 251542 740428 473052 556012 804840 639615 894682 577149 115401 586206 414069 108384 899158 730186 835907 554648 449656 715101 771736 862223 516432 145535 442648 955162 543740 956305 392299 418021 902140 511367 648214 662388 536196 371849 318339 525853 479836 718944 221781 819049 119127 350812 680194 858554 182635 533979 886421
116236 731442 823780 739413 925957 953659 356937 394504 231719 214346 631000 348699 104393 962436 478251 202166 768563 289084 102986 207197 303610 520924 873393 923226 107713 775249 957088 285336 714835 127713 424899 432962 834689 315019 867459 225117 495744 708176 881254 611035 796032 782690 152726 733020 828834 402470 261950 390564 449172 196658 616186 960379 473935 612629 275484 941850 918807 745540 734204 760745 706116 328331 667803 401329
830907 841971 654746 677704 833675 760744 291780 993186 721935 719414 317601 640515 762844 266648 711391 611423 711593 461822 782935 920840 108215 843512 676068 379608 879594 282277 849152 161000 703924 871492 397720 249170 594799 340976 237551 101487 574942 532257 275036 187247 133141 909232 734422 835642 803857 662849 820857 766568 735895 172173 890051 879844 319674 560769 716547 219438 429343 442998 420468 241695 259699 551543 329995 147257
576248 245788 165956 250237 191333 716212 535829 985626 972766 915389 352239 346479 266728 650457 946543 724280 212767 246278 656610 692068 789131 818152 876514 735939 344639 515803 308385 496256 197591 578051 980607 552657 158418 459984 937644 420567 233058 808312 884200 129802 605870 213585 180047 919003 393807 211578 608292 488548 372667 254656 578517 577412 617418 868284 752550 159621 824239 676941 584426 776512 459760 313892 129833 513768
864023 332830 390855 724193 258464 460678 709672 323084 247893 907507 114482 850040 690140 320863 528396 144709 422643 569602 500779 726200 751473 529424 441716 761798 209697 616226 869636 632501 401689 232480 391313 618399 411984 447122 544026 172899 278003 527164 951254 380392 602693 514027 831921 982533 991670 748785 917970 574928 824355 838635 292536 953519 807912 745316 535483 613419 116022 213447 168012 599558 121774 198011 544399 875048
911505 277955 254541 146677 986896 161100 556077 115096 190533 889205 224409 723192 516234 869323 194456 328053 251801 975909 332681 380943 448282 298224 163102 295837 637473 159278 601746 400228 536344 567732 578314 634692 752275 731993 851165 633294 806842 949051 914198 823866 246836 338335 920127 445511 742305 118460 239071 692252 227483 876040 114887 680422 226751 680377 366645 102851 657871 970901 539079 415692 659506 363789 853824 113006
132507 329634 372261 214118 287629 738291 717558 483752 451443 794471 321950 751760 110734 180071 279236 912761 275346 653807 253081 997766 553791 472828 471620 974866 551241 707709 201473 469212 124151 699160 606492 497622 162694 426594 893433 305390 720509 822270 296421 233629 160842 179819 388588 213077 988738 780900 510355 192964 886984 859076 165363 822491 880250 344990 492237 504064 569905 434377 729974 675375 983371 991645 630919 529972
259862 671546 588868 220599 402054 591444 542232 478251 534192 229821 531954 201482 689640 352055 932438 565059 987804 995693 910858 373037 482421 707507 954179 234937 482555 869245 443630 279975 911897 699419 717973 769455 707567 510227 421334 655579 640328 152448 361241 755189 218596 294846 808667 161962 653115 370578 156444 736900 261720 538206 332230 790854 439434 378458 835947 451377 588122 224787 616489 579263 495809 553514 167945 628008
948447 380625 509561 151163 745497 816196 423580 127474 543715 843443 866151 917423 352515 849995 312012 248661 128009 428261 225193 509022 285380 693577 606065 321226 704338 996275 253683 377679 359420 635862 442663 143383 588900 243709 812342 629121 432087 606832 958147 498526 577782 230345 185560 120084 828501 747221 802372 835644 113063 184367 636918 125183 128581 762557 998244 112389 532188 904038 951412 975017 494214 689390 566538 771189
448460 245421 476227 239669 204977 352761 551413 616862 505583 337181 283799 595589 106952 799349 303990 241875 553163 873749 644262 826603 785845 665245 910111 493762 492116 493819 234290 525466 828668 975795 958873 315466 392803 903669 215012 359552 857226 385448 637818 243267 700068 242059 911447 153141 215939 322781 468264 636288 766929 739094 928815 996580 521735 152703 526303 132230 369444 933009 359514 735529 338567 467736 304931 299828
509030 260992 352168 351803 491414 173503 956299 266662 222436 645390 109290 957012 973116 541429 543863 281379 890836 794059 507406 644101 993679 720042 622541 248770 446819 252607 591101 179883 876810 517428 411118 310705 829507 797249 958833 454122 163174 288071 175270 750651 380954 423083 196750 122075 475066 134086 561524 335778 790757 836992 427626 307735 565717 214939 363406 587297 197657 604481 994972 444013 478787 841523 802761 466585
172408 428670 941524 727882 997921 531549 415280 490071 634620 880722 674693 212468 970924 526785 185199 633164 614660 395233 869484 445156 857929 665528 209334 849141 418193 409399 373891 703610 925353 341787 241540 142100 781176 642893 957037 727429 167808 480826 592969 766139 981683 340449 923142 185982 258983 371019 324083 639237 237313 581381 932457 183474 810661 798247 310584 997796 184949 374282 231526 844350 638035 884416 671199 550584
307505 209123 179713 900274 458479 743720 807587 931754 432132 931369 653788 738871 875108 325351 584493 752730 531156 699991 180287 399176 248631 209364 339974 470575 559827 717369 544895 578551 549341 752941 558371 328775 684008 176985 910969 621513 470327 193073 187194 601194 895418 872142 564765 950289 836345 182968 839828 579366 598929 272231 827478 602262 295312 892234 733082 141643 836159 250544 264263 729559 307330 625462 388050 442428
633124 959739 336240 874436 874313 756585 243423 239895 552281 224464 853884 637087 201715 173325 125698 949710 168935 480613 350222 918009 728275 446871 651245 977811 233601 274232 743269 843623 105399 263011 855096 282362 789066 354633 124767 951744 585187 627055 545095 219079 464825 981346 396393 156199 412921 324511 586932 936510 113127 687914 835212 835368 756020 976820 550208 857546 426028 500489 668835 292431 704985 778459 191896 906742
272754 282701 319512 732531 335941 127910 213567 600244 741340 758856 799693 727417 294857 505964 569575 782573 230627 470356 537540 470667 274554 609637 213755 604373 640332 923353 323311 258911 589001 615497 639974 527395 736052 213583 103345 625308 168268 899701 975260 384246 627029 508248 460896 275223 397134 377971 752294 167857 122663 991964 761924 628986 538436 897718 644453 451243 474979 421209 993568 374994 391044 338136 707111 265016
364661 405213 914667 457400 400427 856844 500836 531778 716328 456239 794916 900794 957007 136565 617503 162356 802864 477972 183001 924435 274844 251062 594715 117368 652541 245318 773898 124403 213160 280521 308545 294576 650416 626576 405852 243595 175544 934133 535719 947100 674774 428580 528965 362395 134866 375676 175819 581716 966186 160649 834348 682324 736519 634570 928221 198738 402378 953649 924560 990590 874694 942423 903822 977012
995490 292973 667135 501345 713742 500152 722917 548733 231383 124180 401226 274949 764677 416642 197290 559958 779588 710032 191828 795567 816709 180599 872324 956743 737127 144538 101690 534664 946854 188754 835186 499674 385528 341215 865833 223982 614777 781349 467455 324843 687672 371682 703586 202032 305886 918577 655876 865398 531125 887831 739976 522743 283297 566637 488793 152444 401257 369742 639202 680192 363921 230113 652666 987636
992317 996124 896114 727481 203797 987882 607169 936218 502432 224682 791912 104104 337936 163678 104544 712440 951126 572416 575774 402622 441471 891626 851218 673627 783415 664039 594650 867057 898511 817891 162873 717807 520383 220574 752850 206711 710126 977918 359077 711413 603911 894439 640178 478718 948825 624942 627296 168161 521840 220479 330178 267930 640624 442336 533384 638398 775841 497014 147227 787129 735426 398695 213930 480843
